100960250438611897067328467429505248647
101045077259230231896315420874484100487
101131864501501819680465974228835773831
101217298605985826343685426446654647687
101302830240337888063922333589174103431
101389001087505114873114772465170394503
101474584853988110979452449345821879687
101560475471144524834698783338285378951
101647290284816667581845775528096574855
101732089850947097501694114451521678727
101819542609783805106718428638817955207
101907515659963743884683104884048670087
101993671295323767952016086481650986375
102080395630434319411838302758385888647
102165803351940208824714143702479416711
102251558251254235743131159946210454919
102336170838921132000017883808506195335
102423256929821723586420453544743021959
102509101198503066600033477740428406151
102596459042001082115310905525641555335
102683585301580068434187498751025622407
102769310728017640046674565313010216327
102854824932173948630992676140896628103
102941173012740719847053005552862768519
103027799421842403675131076143908531591
103114364191433651407661339158440193415
103200714173476322962385485494969314695
103286951809984549297652724151065914759
103373717026826958116808600334559489415
103459909107141738746526130797075639687
103545419270661759099562267743696596359
103632419161321535168910350968556498311
103720996088556157670956298123203194247
103806575418262052980150364753102777735
103891544770344750971771083043425365383
103976863597852299377808907167474789767
104062736626356635066696273091375279495
104149342119223415126286214785465724295
104234690894976393930335893665053814151
104321741253975691583512920038737587591
104406503186728927228418739602666171783
104493608688529334811304113339849649543
104578944074722848700840294328269942151
104665886445736639416376554691692998023
104752346713381530830508670030943497607
104837925409262126023876105104137268615
104923753040029341041799498045381815687
105009878014090472089138386866276281735
105096756447977113790939435414530698631
105184366395488249696464422813483019655
105271296089996038125706627315838889351
1713881197226933494